distance phi
85.19 0.591886
125.19 0.249724
165.19 0.066423
205.19 0.029983
245.19 0.014840
285.19 0.010759
325.19 0.006781
365.19 0.006386
405.19 0.002060
445.19 0.000693
485.19 -0.001951
525.19 -0.002414
565.19 -0.001292
605.19 -0.001037
645.19 -0.001328
685.19 0.000238
725.19 -0.001519
765.19 -0.001917
805.19 -0.000819
845.19 -0.000220
885.19 0.002942
925.19 0.005075
965.19 0.008906
1005.19 0.008917
1045.19 0.009080
1085.19 0.007370
1125.19 0.004716
1165.19 0.002507
1205.19 0.002802
1245.19 0.001134
1285.19 0.002746
1325.19 0.003131
1365.19 0.001175
1405.19 -0.000264
1445.19 0.001178
1485.19 0.000405
1525.19 -0.001305
1565.19 0.000048
1605.19 -0.000300
1645.19 -0.001407
1685.19 -0.002213
1725.19 -0.000397
1765.19 0.001783
1805.19 0.000412
1845.19 0.002515
1885.19 0.002495
1925.19 0.002562
1965.19 0.001811
2005.19 0.001673
2045.19 0.000150
2085.19 -0.001159
2125.19 -0.001423
2165.19 -0.001789
2205.19 -0.001599
2245.19 -0.001854
2285.19 -0.002204
2325.19 -0.001486
2365.19 -0.001602
2405.19 -0.001199
2445.19 -0.001739
2485.19 -0.002340
2525.19 -0.002042
2565.19 -0.001192
2605.19 -0.000196
2645.19 0.000834
2685.19 0.001112
2725.19 0.001635
2765.19 0.002048
2805.19 0.001387
2845.19 0.002127
2885.19 0.000698
2925.19 0.002595
2965.19 0.001337
3005.19 0.001359
3045.19 0.000334
3085.19 0.002236
3125.19 0.002086
3165.19 0.003850
3205.19 0.001332
3245.19 0.000014
3285.19 0.000174
3325.19 0.000847
3365.19 0.002024
3405.19 0.001884
3445.19 0.002268
3485.19 0.003055
3525.19 0.003142
3565.19 0.000756
3605.19 -0.000020
3645.19 -0.001021
3685.19 -0.001379
3725.19 -0.001831
3765.19 -0.001993
3805.19 -0.002206
3845.19 -0.002359
3885.19 -0.002340
3925.19 -0.002445
3965.19 -0.002452
4005.19 -0.002432
4045.19 -0.002431
4085.19 -0.002424
4125.19 -0.002086
4165.19 -0.001807
4205.19 -0.001674
4245.19 -0.001307
4285.19 -0.001814
4325.19 -0.001058
4365.19 -0.000029
4405.19 0.000422
4445.19 0.001206
4485.19 0.001350
4525.19 -0.000462
4565.19 -0.000555
4605.19 -0.001117
4645.19 -0.001484
4685.19 -0.001992
4725.19 -0.001011
4765.19 -0.001490
4805.19 -0.001305
4845.19 -0.001579
4885.19 -0.000911
4925.19 -0.000962
4965.19 0.000297
5020.00 -0.001177
5060.00 -0.000342
5100.00 -0.000600
5140.00 -0.001477
5180.00 -0.000790
5220.00 -0.001118
5260.00 -0.000901
5300.00 -0.001042
5340.00 -0.000590
5380.00 -0.000353
5420.00 -0.000425
5460.00 -0.000413
5500.00 -0.000311
5540.00 -0.000726
5580.00 -0.000700
5620.00 -0.000170
5660.00 0.000898
5700.00 0.000866
5740.00 0.000941
5780.00 -0.000143
5820.00 -0.000012
5860.00 -0.000710
5900.00 -0.000051
5940.00 0.001226
5980.00 0.000394
6020.00 0.000837
6060.00 -0.000110
6100.00 0.000338
6140.00 -0.000758
6180.00 -0.001467
6220.00 -0.002011
6260.00 -0.001626
6300.00 -0.001649
6340.00 -0.002017
6380.00 -0.002232
6420.00 -0.002141
6460.00 -0.001989
6500.00 -0.001913
6540.00 -0.002270
6580.00 -0.001706
6620.00 -0.001893
6660.00 -0.001307
6700.00 -0.001300
6740.00 -0.001196
6780.00 -0.001860
6820.00 -0.001341
6860.00 -0.001276
6900.00 0.000420
6940.00 0.000408
6980.00 0.000891
7020.00 0.001184
7060.00 -0.001384
7100.00 0.000834
7140.00 0.000208
7180.00 -0.002110
7220.00 -0.000632
7260.00 -0.000156
7300.00 -0.001480
7340.00 -0.000556
7380.00 -0.000257
7420.00 -0.001419
7460.00 -0.001092
7500.00 -0.001342
7540.00 -0.000811
7580.00 -0.000487
7620.00 -0.000627
7660.00 0.001203
7700.00 -0.000591
7740.00 -0.001327
7780.00 -0.001443
7820.00 -0.001467
7860.00 -0.002077
7900.00 -0.002222
7940.00 -0.002264
7980.00 -0.002493
8020.00 -0.002486
8060.00 -0.002497
8100.00 -0.001783
8140.00 -0.001821
8180.00 -0.002056
8220.00 -0.001868
8260.00 -0.000239
8300.00 0.000589
8340.00 0.001629
8380.00 0.002240
8420.00 0.002469
8460.00 0.004910
8500.00 0.001468
8540.00 0.003148
8580.00 0.001871
8620.00 -0.001061
8660.00 -0.000039
8700.00 0.000195
8740.00 0.001660
8780.00 -0.000519
8820.00 0.002793
8860.00 0.002987
8900.00 0.002579
8940.00 0.000594
8980.00 0.001233
9020.00 -0.000296
9060.00 -0.001225
9100.00 -0.000966
9140.00 -0.001763
9180.00 0.000357
9220.00 -0.000570
9260.00 -0.000288
9300.00 -0.000632
9340.00 -0.001399
9380.00 -0.000959
9420.00 -0.002249
9460.00 0.000045
9500.00 0.000095
9540.00 -0.002196
9580.00 -0.000474
9620.00 -0.001526
9660.00 -0.002176
9700.00 -0.002243
9740.00 -0.001422
9780.00 -0.002166
9820.00 0.001042
9860.00 0.004037
9900.00 -0.002120
9940.00 0.004096
9980.00 0.003148
10020.00 -0.001973
10060.00 0.000187
10100.00 -0.001856
10140.00 -0.001841
10180.00 -0.001845
10220.00 -0.001810
10260.00 -0.001803
10300.00 -0.001754
10340.00 -0.001794
10380.00 -0.001706
10420.00 -0.001741
10460.00 -0.001757
10500.00 -0.001763
10540.00 -0.001719
10580.00 -0.001773
10620.00 -0.001728
10660.00 -0.001773
10700.00 -0.001793
10740.00 -0.001809
10780.00 -0.000508
10820.00 -0.000587
10860.00 -0.000462
10900.00 0.003234
10940.00 -0.000411
10980.00 -0.000329
11020.00 -0.001890
11060.00 0.001260
11100.00 0.001733
11140.00 0.005169
11180.00 0.005434
11220.00 0.006442
11260.00 0.000842
11300.00 -0.001821
11340.00 -0.001740
11380.00 -0.001770
11420.00 -0.001735
11460.00 -0.001605
11500.00 -0.001700
11540.00 -0.001579
11580.00 -0.001514
11620.00 -0.001595
11660.00 -0.001458
11700.00 -0.001423
11740.00 -0.001408
11780.00 -0.001565
11820.00 -0.001347
11860.00 -0.001413
11900.00 -0.001481
11940.00 -0.001333
11980.00 -0.001305
12020.00 -0.001296
12060.00 -0.001287
12100.00 -0.001299
12140.00 -0.000988
12180.00 -0.001185
12220.00 -0.001150
12260.00 -0.000811
12300.00 -0.001102
12340.00 -0.001130
12380.00 0.000000
12420.00 -0.000938
12460.00 -0.001001
12500.00 -0.000368
12540.00 -0.000897
12580.00 -0.000751
12620.00 -0.000750
12660.00 -0.000210
12700.00 -0.000412
12740.00 -0.000292
12780.00 0.000000
12820.00 -0.000090
12860.00 0.000000
12900.00 0.000000
12940.00 0.000000
12980.00 0.000000
13020.00 0.000000
13060.00 0.000000
13100.00 0.000000
13140.00 0.000000
13180.00 0.000000
13220.00 0.000000
13260.00 0.000000
13300.00 0.000000
13340.00 0.000000
13380.00 0.000000
13420.00 0.000000
13460.00 0.000000
13500.00 0.000000
13540.00 0.000000
13580.00 0.000000
13620.00 0.000000
13660.00 0.000000
13700.00 0.000000
13740.00 0.000000
13780.00 0.000000
13820.00 0.000000
13860.00 0.000000
