distance phi
85.19 0.976622
125.19 0.957799
165.19 0.942921
205.19 0.938163
245.19 0.918593
285.19 0.902645
325.19 0.904696
365.19 0.869550
405.19 0.863385
445.19 0.858206
485.19 0.822956
525.19 0.817753
565.19 0.816621
605.19 0.789647
645.19 0.780641
685.19 0.754964
725.19 0.740267
765.19 0.725380
805.19 0.702070
845.19 0.705729
885.19 0.674288
925.19 0.673592
965.19 0.619087
1005.19 0.634310
1045.19 0.620533
1085.19 0.581822
1125.19 0.559508
1165.19 0.585621
1205.19 0.541537
1245.19 0.480824
1285.19 0.527231
1325.19 0.516989
1365.19 0.452210
1405.19 0.436871
1445.19 0.481703
1485.19 0.438912
1525.19 0.381161
1565.19 0.392481
1605.19 0.370675
1645.19 0.403777
1685.19 0.325472
1725.19 0.333146
1765.19 0.323985
1805.19 0.334364
1845.19 0.252127
1885.19 0.293526
1925.19 0.304420
1965.19 0.266517
2005.19 0.219402
2045.19 0.275346
2085.19 0.195477
2125.19 0.160010
2165.19 0.246002
2205.19 0.167620
2245.19 0.172978
2285.19 0.160313
2325.19 0.162051
2365.19 0.132780
2405.19 0.148675
2445.19 0.112174
2485.19 0.127539
2525.19 0.108711
2565.19 0.090422
2605.19 0.119058
2645.19 0.080662
2685.19 0.101197
2725.19 0.039598
2765.19 0.100775
2805.19 0.095917
2845.19 0.046334
2885.19 0.045679
2925.19 0.093227
2965.19 0.048166
3005.19 0.007637
3045.19 0.080379
3085.19 0.036027
3125.19 0.049169
3165.19 0.022520
3205.19 0.034055
3245.19 0.045254
3285.19 0.045356
3325.19 -0.002349
3365.19 0.038660
3405.19 0.069900
3445.19 -0.023115
3485.19 0.027109
3525.19 0.047182
3565.19 0.030433
3605.19 -0.018689
3645.19 0.049065
3685.19 0.038331
3725.19 0.006176
3765.19 -0.011374
3805.19 0.034171
3845.19 0.000262
3885.19 0.007500
3925.19 0.010552
3965.19 0.011610
4005.19 0.006390
4045.19 -0.016582
4085.19 -0.001494
4125.19 0.001861
4165.19 -0.019607
4205.19 -0.017002
4245.19 -0.000810
4285.19 -0.001983
4325.19 -0.073909
4365.19 -0.022446
4405.19 -0.013042
4445.19 -0.049283
4485.19 -0.078919
4525.19 -0.007957
4565.19 -0.053583
4605.19 -0.073362
4645.19 -0.086871
4685.19 -0.053254
4725.19 -0.065491
4765.19 -0.105862
4805.19 -0.092780
4845.19 -0.048012
4885.19 -0.095050
4925.19 -0.132177
4965.19 -0.091198
5020.00 -0.088353
5060.00 -0.091116
5100.00 -0.122154
5140.00 -0.132069
5180.00 -0.090163
5220.00 -0.101362
5260.00 -0.163522
5300.00 -0.105576
5340.00 -0.104333
5380.00 -0.128390
5420.00 -0.164980
5460.00 -0.101339
5500.00 -0.136829
5540.00 -0.154631
5580.00 -0.136056
5620.00 -0.151820
5660.00 -0.130847
5700.00 -0.192638
5740.00 -0.135720
5780.00 -0.138640
5820.00 -0.158346
5860.00 -0.188793
5900.00 -0.145101
5940.00 -0.155966
5980.00 -0.173338
6020.00 -0.193413
6060.00 -0.134463
6100.00 -0.169660
6140.00 -0.222380
6180.00 -0.158026
6220.00 -0.176144
6260.00 -0.178149
6300.00 -0.215876
6340.00 -0.180059
6380.00 -0.173927
6420.00 -0.200799
6460.00 -0.208351
6500.00 -0.203090
6540.00 -0.184865
6580.00 -0.219513
6620.00 -0.194648
6660.00 -0.198845
6700.00 -0.188044
6740.00 -0.247549
6780.00 -0.194032
6820.00 -0.206794
6860.00 -0.225292
6900.00 -0.220060
6940.00 -0.195995
6980.00 -0.218243
7020.00 -0.267060
7060.00 -0.183339
7100.00 -0.214089
7140.00 -0.242794
7180.00 -0.238303
7220.00 -0.214859
7260.00 -0.232345
7300.00 -0.230769
7340.00 -0.262516
7380.00 -0.216948
7420.00 -0.221660
7460.00 -0.287081
7500.00 -0.241913
7540.00 -0.224427
7580.00 -0.259937
7620.00 -0.288481
7660.00 -0.256725
7700.00 -0.247851
7740.00 -0.277339
7780.00 -0.294704
7820.00 -0.274845
7860.00 -0.296159
7900.00 -0.315525
7940.00 -0.291893
7980.00 -0.318982
8020.00 -0.331724
8060.00 -0.342535
8100.00 -0.345346
8140.00 -0.356768
8180.00 -0.365880
8220.00 -0.380286
8260.00 -0.380327
8300.00 -0.394134
8340.00 -0.423796
8380.00 -0.411577
8420.00 -0.421835
8460.00 -0.437671
8500.00 -0.451769
8540.00 -0.454030
8580.00 -0.470763
8620.00 -0.481783
8660.00 -0.491195
8700.00 -0.486235
8740.00 -0.506970
8780.00 -0.514838
8820.00 -0.525139
8860.00 -0.533368
8900.00 -0.542785
8940.00 -0.550178
8980.00 -0.543001
9020.00 -0.559089
9060.00 -0.559912
9100.00 -0.566338
9140.00 -0.571906
9180.00 -0.576609
9220.00 -0.580794
9260.00 -0.573291
9300.00 -0.580002
9340.00 -0.594385
9380.00 -0.595700
9420.00 -0.588783
9460.00 -0.605749
9500.00 -0.608886
9540.00 -0.586569
9580.00 -0.616854
9620.00 -0.611944
9660.00 -0.611947
9700.00 -0.631555
9740.00 -0.626314
9780.00 -0.608163
9820.00 -0.619130
9860.00 -0.625525
9900.00 -0.603823
9940.00 -0.633274
9980.00 -0.632561
10020.00 -0.604167
10060.00 -0.621089
10100.00 -0.600843
10140.00 -0.587885
10180.00 -0.599427
10220.00 -0.588172
10260.00 -0.562968
10300.00 -0.552302
10340.00 -0.555977
10380.00 -0.499821
10420.00 -0.493003
10460.00 -0.494713
10500.00 -0.466774
10540.00 -0.434202
10580.00 -0.439508
10620.00 -0.409041
10660.00 -0.380199
10700.00 -0.377739
10740.00 -0.356143
10780.00 -0.333341
10820.00 -0.330209
10860.00 -0.308357
10900.00 -0.279835
10940.00 -0.274858
10980.00 -0.265822
11020.00 -0.231241
11060.00 -0.236165
11100.00 -0.221443
11140.00 -0.191429
11180.00 -0.199549
11220.00 -0.175122
11260.00 -0.153528
11300.00 -0.164231
11340.00 -0.147894
11380.00 -0.130693
11420.00 -0.128715
11460.00 -0.127524
11500.00 -0.103987
11540.00 -0.100012
11580.00 -0.101779
11620.00 -0.094335
11660.00 -0.079639
11700.00 -0.083492
11740.00 -0.068421
11780.00 -0.063531
11820.00 -0.063684
11860.00 -0.054061
11900.00 -0.047306
11940.00 -0.051187
11980.00 -0.040792
12020.00 -0.034929
12060.00 -0.034524
12100.00 -0.030766
12140.00 -0.022422
12180.00 -0.025970
12220.00 -0.020747
12260.00 -0.014825
12300.00 -0.015347
12340.00 -0.011728
12380.00 -0.007012
12420.00 -0.007952
12460.00 -0.005322
12500.00 -0.002222
12540.00 -0.002426
12580.00 -0.000966
12620.00 -0.000380
12660.00 -0.000206
12700.00 -0.000012
12740.00 0.000000
12780.00 0.000000
12820.00 0.000000
12860.00 0.000000
12900.00 0.000000
12940.00 0.000000
12980.00 0.000000
13020.00 0.000000
13060.00 0.000000
13100.00 0.000000
13140.00 0.000000
13180.00 0.000000
13220.00 0.000000
13260.00 0.000000
13300.00 0.000000
13340.00 0.000000
13380.00 0.000000
13420.00 0.000000
13460.00 0.000000
13500.00 0.000000
13540.00 0.000000
13580.00 0.000000
13620.00 0.000000
13660.00 0.000000
13700.00 0.000000
13740.00 0.000000
13780.00 0.000000
13820.00 0.000000
13860.00 0.000000
13900.00 0.000000
13940.00 0.000000
13980.00 0.000000
14020.00 0.000000
14060.00 0.000000
14100.00 0.000000
14140.00 0.000000
14180.00 0.000000
14220.00 0.000000
14260.00 0.000000
14300.00 0.000000
14340.00 0.000000
14380.00 0.000000
14420.00 0.000000
14460.00 0.000000
14500.00 0.000000
14540.00 0.000000
14580.00 0.000000
14620.00 0.000000
14660.00 0.000000
14700.00 0.000000
14740.00 0.000000
14780.00 0.000000
14820.00 0.000000
14860.00 0.000000
14900.00 0.000000
14940.00 0.000000
