distance phi
85.19 0.673273
125.19 0.383913
165.19 0.211921
205.19 0.153337
245.19 0.098502
285.19 0.046893
325.19 0.029043
365.19 0.014365
405.19 0.005747
445.19 0.000721
485.19 -0.001223
525.19 -0.001007
565.19 -0.000971
605.19 -0.002104
645.19 -0.003367
685.19 -0.003501
725.19 -0.003788
765.19 -0.003151
805.19 -0.003425
845.19 -0.000701
885.19 -0.000375
925.19 -0.000745
965.19 -0.001070
1005.19 0.000449
1045.19 -0.001704
1085.19 -0.002704
1125.19 -0.003044
1165.19 -0.003646
1205.19 -0.003588
1245.19 -0.003444
1285.19 -0.003467
1325.19 -0.003467
1365.19 -0.002325
1405.19 -0.002004
1445.19 -0.002222
1485.19 -0.001598
1525.19 -0.001837
1565.19 -0.002573
1605.19 -0.002373
1645.19 -0.002897
1685.19 -0.001869
1725.19 -0.001479
1765.19 -0.000473
1805.19 -0.000030
1845.19 0.001305
1885.19 0.000571
1925.19 0.000811
1965.19 -0.000559
2005.19 0.000092
2045.19 -0.001189
2085.19 -0.002203
2125.19 -0.001926
2165.19 -0.002620
2205.19 -0.002727
2245.19 -0.002047
2285.19 -0.001063
2325.19 -0.000066
2365.19 0.000403
2405.19 0.001978
2445.19 0.000424
2485.19 0.002405
2525.19 0.002326
2565.19 -0.001548
2605.19 0.000617
2645.19 0.000499
2685.19 -0.001750
2725.19 0.000142
2765.19 -0.000437
2805.19 0.000081
2845.19 -0.001287
2885.19 -0.000716
2925.19 -0.001232
2965.19 -0.000089
3005.19 -0.000418
3045.19 0.000562
3085.19 0.000757
3125.19 0.002859
3165.19 0.000359
3205.19 0.003302
3245.19 0.004683
3285.19 -0.001946
3325.19 0.003886
3365.19 0.001107
3405.19 -0.001779
3445.19 -0.000715
3485.19 -0.001938
3525.19 -0.002163
3565.19 -0.001120
3605.19 -0.001340
3645.19 0.000136
3685.19 -0.000725
3725.19 -0.000508
3765.19 -0.000089
3805.19 -0.000382
3845.19 -0.000805
3885.19 -0.000624
3925.19 -0.000677
3965.19 -0.000266
4005.19 0.000801
4045.19 -0.000267
4085.19 0.000862
4125.19 0.001377
4165.19 0.002797
4205.19 0.002154
4245.19 0.003851
4285.19 0.004295
4325.19 0.005228
4365.19 0.003976
4405.19 0.005456
4445.19 0.002995
4485.19 0.003033
4525.19 0.001433
4565.19 0.000926
4605.19 -0.000389
4645.19 -0.000959
4685.19 -0.001266
4725.19 -0.001265
4765.19 -0.001480
4805.19 -0.001246
4845.19 -0.001361
4885.19 -0.002018
4925.19 -0.002919
4965.19 -0.003345
5020.00 -0.003316
5060.00 -0.002832
5100.00 -0.002612
5140.00 -0.002096
5180.00 -0.002162
5220.00 -0.001786
5260.00 -0.002161
5300.00 -0.001647
5340.00 -0.001332
5380.00 -0.001429
5420.00 -0.000474
5460.00 0.000118
5500.00 -0.000231
5540.00 -0.000116
5580.00 -0.000018
5620.00 -0.000558
5660.00 -0.001245
5700.00 -0.001077
5740.00 -0.001727
5780.00 -0.001889
5820.00 -0.002591
5860.00 -0.002770
5900.00 -0.003004
5940.00 -0.003290
5980.00 -0.002669
6020.00 -0.002191
6060.00 -0.001646
6100.00 -0.000502
6140.00 0.000624
6180.00 0.000792
6220.00 0.003220
6260.00 0.002836
6300.00 0.001141
6340.00 0.002101
6380.00 0.000474
6420.00 -0.000478
6460.00 -0.001459
6500.00 -0.001393
6540.00 -0.002270
6580.00 -0.000732
6620.00 -0.002148
6660.00 -0.002177
6700.00 -0.002291
6740.00 -0.001678
6780.00 -0.002238
6820.00 -0.002226
6860.00 -0.002561
6900.00 -0.002484
6940.00 -0.002341
6980.00 -0.002303
7020.00 -0.002025
7060.00 -0.001494
7100.00 -0.000088
7140.00 0.001000
7180.00 0.003618
7220.00 0.003897
7260.00 0.004597
7300.00 0.005781
7340.00 0.004227
7380.00 0.003027
7420.00 0.004315
7460.00 0.001898
7500.00 0.000999
7540.00 0.000074
7580.00 -0.000358
7620.00 -0.001803
7660.00 -0.001921
7700.00 -0.002114
7740.00 -0.001866
7780.00 -0.001251
7820.00 -0.000665
7860.00 -0.000161
7900.00 0.001983
7940.00 0.000336
7980.00 0.001620
8020.00 0.002296
8060.00 0.001755
8100.00 0.000782
8140.00 -0.000016
8180.00 0.000065
8220.00 -0.001129
8260.00 -0.001320
8300.00 -0.001400
8340.00 -0.001637
8380.00 -0.001012
8420.00 -0.000974
8460.00 -0.001731
8500.00 -0.001919
8540.00 -0.001007
8580.00 -0.001293
8620.00 -0.001014
8660.00 -0.000086
8700.00 -0.000817
8740.00 0.000750
8780.00 0.002139
8820.00 0.002580
8860.00 0.006681
8900.00 0.007647
8940.00 0.005117
8980.00 0.007439
9020.00 0.006647
9060.00 0.002294
9100.00 0.003472
9140.00 0.002226
9180.00 0.000636
9220.00 -0.000883
9260.00 -0.001172
9300.00 -0.000893
9340.00 -0.001689
9380.00 -0.001143
9420.00 0.000434
9460.00 -0.000288
9500.00 -0.000715
9540.00 -0.000789
9580.00 -0.002034
9620.00 -0.001666
9660.00 -0.002321
9700.00 -0.002725
9740.00 -0.002097
9780.00 -0.001829
9820.00 -0.001198
9860.00 -0.003026
9900.00 -0.000250
9940.00 -0.000415
9980.00 -0.001700
10020.00 -0.000463
10060.00 0.000401
10100.00 -0.001387
10140.00 0.000549
10180.00 0.001495
10220.00 0.000901
10260.00 0.001347
10300.00 0.003885
10340.00 0.002631
10380.00 0.005755
10420.00 0.007298
10460.00 0.006389
10500.00 0.009425
10540.00 0.008593
10580.00 0.004580
10620.00 0.006311
10660.00 0.002746
10700.00 0.003803
10740.00 0.002881
10780.00 0.003633
10820.00 0.000473
10860.00 -0.001109
10900.00 0.000663
10940.00 -0.000697
10980.00 -0.000323
11020.00 -0.000462
11060.00 -0.000023
11100.00 -0.000970
11140.00 -0.002060
11180.00 -0.001412
11220.00 -0.003635
11260.00 -0.000958
11300.00 0.000860
11340.00 -0.000996
11380.00 0.002967
11420.00 0.001894
11460.00 -0.000761
11500.00 -0.000230
11540.00 -0.001716
11580.00 -0.000950
11620.00 -0.000568
11660.00 -0.000786
11700.00 0.000786
11740.00 0.000580
11780.00 0.000985
11820.00 0.001098
11860.00 -0.002652
11900.00 -0.001426
11940.00 -0.003270
11980.00 -0.004019
12020.00 -0.003638
12060.00 -0.003876
12100.00 -0.003789
12140.00 -0.003566
12180.00 -0.003960
12220.00 -0.003863
12260.00 -0.003873
12300.00 -0.003929
12340.00 -0.003797
12380.00 -0.003969
12420.00 -0.003916
12460.00 -0.003703
12500.00 -0.003947
12540.00 -0.003584
12580.00 -0.003379
12620.00 -0.003792
12660.00 -0.003497
12700.00 -0.003058
12740.00 -0.003398
12780.00 -0.003153
12820.00 -0.002874
12860.00 -0.002993
12900.00 -0.002791
12940.00 -0.002486
12980.00 -0.002315
13020.00 -0.001810
13060.00 -0.002168
13100.00 -0.001445
13140.00 -0.001230
13180.00 -0.001101
13220.00 -0.000441
13260.00 -0.000325
13300.00 0.000000
13340.00 0.000000
13380.00 0.000000
13420.00 0.000000
13460.00 0.000000
13500.00 0.000000
13540.00 0.000000
13580.00 0.000000
13620.00 0.000000
13660.00 0.000000
13700.00 0.000000
13740.00 0.000000
13780.00 0.000000
13820.00 0.000000
13860.00 0.000000
13900.00 0.000000
13940.00 0.000000
13980.00 0.000000
14020.00 0.000000
14060.00 0.000000
14100.00 0.000000
14140.00 0.000000
14180.00 0.000000
14220.00 0.000000
14260.00 0.000000
14300.00 0.000000
14340.00 0.000000
14380.00 0.000000
14420.00 0.000000
14460.00 0.000000
14500.00 0.000000
14540.00 0.000000
14580.00 0.000000
14620.00 0.000000
14660.00 0.000000
14700.00 0.000000
14740.00 0.000000
14780.00 0.000000
14820.00 0.000000
14860.00 0.000000
14900.00 0.000000
14940.00 0.000000
