distance phi
85.19 -0.005885
125.19 0.000681
165.19 0.001546
205.19 -0.000175
245.19 -0.000833
285.19 -0.000881
325.19 -0.000706
365.19 -0.001539
405.19 -0.000518
445.19 -0.001001
485.19 -0.000244
525.19 0.000141
565.19 -0.000582
605.19 -0.000395
645.19 -0.001079
685.19 0.000937
725.19 -0.001441
765.19 -0.001433
805.19 0.000153
845.19 0.000623
885.19 0.000661
925.19 0.000471
965.19 0.000408
1005.19 -0.000385
1045.19 0.000267
1085.19 0.000525
1125.19 0.001558
1165.19 -0.000530
1205.19 0.000997
1245.19 0.000310
1285.19 -0.000067
1325.19 0.000997
1365.19 0.000416
1405.19 -0.000154
1445.19 0.000576
1485.19 0.000217
1525.19 -0.000413
1565.19 -0.000357
1605.19 0.000868
1645.19 0.000469
1685.19 -0.000275
1725.19 -0.000197
1765.19 0.000228
1805.19 0.001161
1845.19 -0.000586
1885.19 -0.000359
1925.19 0.000599
1965.19 0.001486
2005.19 -0.000280
2045.19 -0.000709
2085.19 0.000077
2125.19 -0.000201
2165.19 0.000922
2205.19 0.000028
2245.19 -0.000519
2285.19 0.000654
2325.19 0.000353
2365.19 -0.000109
2405.19 -0.000233
2445.19 0.000043
2485.19 -0.000092
2525.19 -0.000057
2565.19 0.000754
2605.19 -0.000759
2645.19 0.000383
2685.19 0.000389
2725.19 0.000343
2765.19 -0.000359
2805.19 0.000559
2845.19 0.000266
2885.19 0.000727
2925.19 -0.000409
2965.19 0.000226
3005.19 0.000010
3045.19 0.000283
3085.19 -0.000063
3125.19 0.000361
3165.19 -0.000069
3205.19 -0.000241
3245.19 0.000955
3285.19 0.000276
3325.19 0.000061
3365.19 0.000485
3405.19 -0.001043
3445.19 -0.001605
3485.19 -0.000412
3525.19 0.000686
3565.19 -0.000122
3605.19 0.000408
3645.19 -0.000089
3685.19 -0.000320
3725.19 0.000024
3765.19 0.000274
3805.19 0.000236
3845.19 0.000566
3885.19 0.000042
3925.19 0.000095
3965.19 -0.000617
4005.19 0.000879
4045.19 -0.000662
4085.19 0.000080
4125.19 -0.000200
4165.19 -0.000391
4205.19 -0.000357
4245.19 0.000994
4285.19 0.000423
4325.19 -0.000500
4365.19 -0.000405
4405.19 -0.000225
4445.19 -0.000108
4485.19 -0.000253
4525.19 -0.000781
4565.19 0.000011
4605.19 0.000246
4645.19 0.000548
4685.19 0.000478
4725.19 -0.000236
4765.19 -0.000508
4805.19 0.000160
4845.19 -0.000341
4885.19 0.000274
4925.19 -0.000067
4965.19 -0.000174
5020.00 -0.000147
5060.00 0.000081
5100.00 -0.000511
5140.00 0.000246
5180.00 -0.000374
5220.00 0.000183
5260.00 0.000427
5300.00 -0.000733
5340.00 -0.000015
5380.00 -0.000736
5420.00 -0.000583
5460.00 -0.000123
5500.00 -0.000353
5540.00 0.000335
5580.00 0.000370
5620.00 -0.000455
5660.00 -0.000156
5700.00 -0.000182
5740.00 -0.000421
5780.00 -0.000034
5820.00 0.000670
5860.00 -0.000220
5900.00 -0.000365
5940.00 0.000642
5980.00 0.000065
6020.00 -0.000002
6060.00 -0.000476
6100.00 0.000533
6140.00 0.000029
6180.00 0.000311
6220.00 -0.000666
6260.00 -0.000252
6300.00 -0.000500
6340.00 -0.000511
6380.00 -0.000784
6420.00 0.000338
6460.00 -0.001068
6500.00 0.000582
6540.00 0.000312
6580.00 0.000775
6620.00 -0.000967
6660.00 0.000191
6700.00 -0.000178
6740.00 -0.001071
6780.00 -0.000423
6820.00 0.000041
6860.00 -0.000353
6900.00 -0.000045
6940.00 0.000720
6980.00 -0.000164
7020.00 -0.000833
7060.00 -0.000786
7100.00 0.001198
7140.00 -0.000021
7180.00 0.000116
7220.00 0.000095
7260.00 0.000492
7300.00 0.000189
7340.00 0.000862
7380.00 -0.000778
7420.00 0.000207
7460.00 -0.000210
7500.00 0.000176
7540.00 0.000941
7580.00 -0.000381
7620.00 0.000443
7660.00 -0.000617
7700.00 0.000292
7740.00 -0.000253
7780.00 0.000245
7820.00 -0.000093
7860.00 0.000804
7900.00 -0.000448
7940.00 0.000448
7980.00 0.001099
8020.00 -0.000068
8060.00 0.000011
8100.00 0.000162
8140.00 -0.000702
8180.00 0.000302
8220.00 0.000767
8260.00 0.000140
8300.00 0.001114
8340.00 -0.000473
8380.00 0.000498
8420.00 -0.000650
8460.00 0.000021
8500.00 -0.000256
8540.00 -0.000179
8580.00 0.000048
8620.00 -0.000579
8660.00 -0.000265
8700.00 -0.000922
8740.00 0.001163
8780.00 0.000316
8820.00 -0.000964
8860.00 -0.000511
8900.00 0.000896
8940.00 0.000277
8980.00 0.001339
9020.00 -0.000014
9060.00 -0.000465
9100.00 0.000060
9140.00 -0.000493
9180.00 -0.000871
9220.00 0.000622
9260.00 0.000034
9300.00 0.000143
9340.00 0.000322
9380.00 -0.001407
9420.00 0.000200
9460.00 -0.000986
9500.00 -0.000232
9540.00 0.001131
9580.00 0.000552
9620.00 -0.000527
9660.00 0.000014
9700.00 -0.000403
9740.00 0.000340
9780.00 0.001035
9820.00 -0.000588
9860.00 0.000475
9900.00 0.000724
9940.00 -0.001284
9980.00 0.001425
10020.00 -0.000330
10060.00 0.000974
10100.00 0.000239
10140.00 -0.000468
10180.00 -0.000817
10220.00 -0.001439
10260.00 -0.000201
10300.00 -0.000608
10340.00 -0.001742
10380.00 -0.000631
10420.00 0.000833
10460.00 -0.000560
10500.00 -0.000726
10540.00 -0.001075
10580.00 0.000638
10620.00 0.000507
10660.00 0.000895
10700.00 0.002451
10740.00 -0.000763
10780.00 -0.001025
10820.00 0.001062
10860.00 0.000107
10900.00 0.002915
10940.00 -0.001106
10980.00 -0.001421
11020.00 0.001869
11060.00 0.000567
11100.00 -0.001023
11140.00 -0.000161
11180.00 -0.001210
11220.00 -0.000745
11260.00 -0.000983
11300.00 -0.000181
11340.00 0.000959
11380.00 0.000799
11420.00 0.000295
11460.00 0.000580
11500.00 -0.001693
11540.00 -0.000097
11580.00 0.000913
11620.00 0.000182
11660.00 -0.000680
11700.00 -0.000652
11740.00 -0.001006
11780.00 -0.000572
11820.00 0.001004
11860.00 -0.002144
11900.00 -0.000275
11940.00 -0.000828
11980.00 0.000521
12020.00 0.000852
12060.00 -0.001011
12100.00 -0.000716
12140.00 0.001743
12180.00 -0.000114
12220.00 0.000265
12260.00 0.000146
12300.00 -0.000298
12340.00 0.002256
12380.00 -0.001177
12420.00 0.000656
12460.00 -0.000648
12500.00 -0.001229
12540.00 -0.001313
12580.00 -0.000080
12620.00 0.002144
12660.00 -0.000173
12700.00 0.003720
12740.00 -0.000844
12780.00 -0.004313
12820.00 0.001712
12860.00 0.002725
12900.00 0.001402
12940.00 -0.003275
12980.00 0.000671
13020.00 -0.001621
13060.00 0.001565
13100.00 0.003800
13140.00 -0.006347
13180.00 -0.001107
13220.00 0.001251
13260.00 -0.003151
13300.00 -0.002114
13340.00 -0.007716
13380.00 0.000088
13420.00 0.003701
13460.00 0.009097
13500.00 0.000346
13540.00 -0.004300
13580.00 0.002095
13620.00 -0.006851
13660.00 -0.002130
13700.00 -0.007529
13740.00 -0.010761
13780.00 0.005753
13820.00 0.005445
13860.00 0.000474
13900.00 -0.006602
13940.00 -0.011629
13980.00 -0.005893
14020.00 0.006963
14060.00 -0.004595
14100.00 0.010274
14140.00 0.010153
14180.00 -0.016948
14220.00 0.000128
14260.00 0.020723
14300.00 -0.004576
14340.00 -0.005337
14380.00 -0.000197
14420.00 0.020969
14460.00 -0.021075
14500.00 0.006931
14540.00 -0.020983
14580.00 0.008559
14620.00 -0.026590
14660.00 0.015450
14700.00 -0.023869
14740.00 0.067864
14780.00 -0.013594
14820.00 -0.137432
14860.00 0.016122
14900.00 0.055477
14940.00 -0.212121
